[[[runtime]]]
[[transaction]]           0
57600
57599
57598
57597
57596
57595
57594
57593
57592
57591
57590
57589
57588
57587
57586
57585
57584
57583
57582
57581
57580
57579
57578
57577
57576
57575
57574
57573
57572
57571
57570
57569
57568
57567
57566
57565
57564
57563
57562
57561
57560
57559
57558
57557
57556
57555
57554
57553
57552
57551
57550
57549
57548
57547
57546
57545
57544
57543
57542
57541
57540
57539
57538
57537
57536
[[/transaction]]
[[transaction]]           1
0
[[/transaction]]
[[[/runtime]]]
